(50,2)
(76,8)
(53,4)
(67,4)
(91,6)
(45,5)
(18,3)
(30,2)
(49,4)
(85,5)
(7,3)
(92,3)
(97,6)
(56,3)
(29,4)
(6,4)
(26,5)
(25,4)
(96,4)
(59,0)
(68,3)
(55,4)
(19,2)
(39,6)
(16,3)
(22,4)
(14,6)
(51,1)
(34,0)
(12,6)
(101,5)
(65,3)
(28,1)
(66,3)
(88,4)
(62,2)
(23,4)
(102,4)
(73,5)
(8,1)
(79,5)
(57,5)
(10,3)
(21,4)
(95,3)
(99,11)
(98,4)
(43,4)
(93,4)
(61,1)
(104,3)
(41,6)
(32,4)
(60,1)
(20,4)
(90,3)
(83,5)
(15,3)
(4,2)
(64,3)
(33,5)
(100,11)
(54,6)
(44,5)
(63,3)
(11,4)
(31,2)
(80,4)
(72,5)
(103,1)
(89,6)
(77,7)
(78,5)
(86,9)
(9,2)
(74,6)
(3,2)
(13,4)
(52,3)
(70,3)
(27,5)
(5,5)
(1,1)
(69,4)
(75,7)
(37,5)
(0,0)
(48,2)
(24,5)
(87,4)
(36,3)
(42,4)
(94,3)
(47,17)
(46,2)
(58,7)
(84,13)
(40,11)
(17,4)
(2,1)
(82,8)
(81,1)
(38,6)
(35,3)
(71,3)
